 0.00000000e+00  0.00000000e+00 
 5.00000000e-11  1.73917649e-02 
 1.00000000e-10  3.44916478e-02 
 2.00000000e-10  6.82458048e-02 
 4.00000000e-10  1.33671751e-01 
 8.00000000e-10  2.59110908e-01 
 1.60000000e-09  4.95840507e-01 
 2.91769103e-09  8.27877051e-01 
 4.24324872e-09  1.12140891e+00 
 6.01146344e-09  1.47060867e+00 
 8.30343660e-09  1.80585768e+00 
 1.28873829e-08  2.31167995e+00 
 1.66390568e-08  2.70586273e+00 
 1.90731941e-08  2.86435915e+00 
 2.13722750e-08  2.92093453e+00 
 2.34904614e-08  2.95563761e+00 
 2.55343876e-08  3.01446492e+00 
 2.79412018e-08  3.09764563e+00 
 3.01433122e-08  3.15422636e+00 
 3.30667365e-08  3.20414825e+00 
 3.62378321e-08  3.22957200e+00 
 3.94315441e-08  3.24487848e+00 
 4.24960946e-08  3.29807414e+00 
 4.50663440e-08  3.39793214e+00 
 4.78069743e-08  3.54195880e+00 
 4.99225007e-08  3.58560265e+00 
 5.21974056e-08  3.49495066e+00 
 5.50667253e-08  3.22039392e+00 
 5.83768162e-08  2.52802222e+00 
 6.15299960e-08  1.74138886e+00 
 6.44972607e-08  1.09892951e+00 
 6.71814241e-08  5.74448520e-01 
 6.97968351e-08  1.46073075e-01 
 7.18882958e-08  3.22989845e-02 
 7.41358187e-08  3.36672079e-02 
 7.69535821e-08  6.91834511e-02 
 8.05098006e-08  9.91528644e-02 
 8.34179616e-08  1.03135202e-01 
 8.61799735e-08  7.77595365e-02 
 8.86347224e-08  4.76943617e-02 
 9.11962940e-08  4.09716671e-02 
 9.32649335e-08  4.51185897e-02 
 9.54229663e-08  3.25524532e-02 
 9.81203110e-08  3.83177802e-03 
 1.01871898e-07 -4.85091293e-02 
 1.04849186e-07 -1.07063643e-01 
 1.07576056e-07 -7.12679238e-02 
 1.10278943e-07  1.34244763e-01 
 1.12806391e-07  5.92197049e-01 
 1.15301191e-07  1.12220328e+00 
 1.17640235e-07  1.57762250e+00 
 1.20447174e-07  1.94882944e+00 
 1.23912966e-07  2.32469698e+00 
 1.26482562e-07  2.61255746e+00 
 1.28919869e-07  2.81352213e+00 
 1.31279367e-07  2.90037220e+00 
 1.34000652e-07  2.94930226e+00 
 1.36761715e-07  3.02491228e+00 
 1.39011467e-07  3.10226786e+00 
 1.41385159e-07  3.16109767e+00 
 1.44725706e-07  3.21267916e+00 
 1.47466724e-07  3.23003891e+00 
 1.49804804e-07  3.24034416e+00 
 1.52164150e-07  3.27386035e+00 
 1.54428446e-07  3.33248344e+00 
 1.56310056e-07  3.42361994e+00 
 1.58380094e-07  3.53749929e+00 
 1.60404017e-07  3.58841388e+00 
 1.62555238e-07  3.52286032e+00 
 1.65307971e-07  3.28213192e+00 
 1.68934900e-07  2.56693666e+00 
 1.72406299e-07  1.70848717e+00 
 1.74589038e-07  1.22457389e+00 
 1.76899774e-07  7.80615505e-01 
 1.78694886e-07  4.10317636e-01 
 1.80644199e-07  1.26109857e-01 
 1.82928175e-07  2.40204327e-02 
 1.85129284e-07  3.82552295e-02 
 1.87884922e-07  6.98904964e-02 
 1.91596097e-07  1.02482997e-01 
 1.95092432e-07  9.89865934e-02 
 1.98162683e-07  6.05601180e-02 
 2.01214748e-07  3.87701650e-02 
 2.04049507e-07  4.43887572e-02 
 2.06631804e-07  2.96670147e-02 
 2.09355283e-07 -6.33082927e-04 
 2.12559281e-07 -4.62925493e-02 
 2.15566104e-07 -1.06205072e-01 
 2.18385156e-07 -7.22758421e-02 
 2.20873115e-07  1.04218576e-01 
 2.23549775e-07  5.69330832e-01 
 2.26304209e-07  1.15456564e+00 
 2.29285127e-07  1.69648407e+00 
 2.32042523e-07  2.02758425e+00 
 2.34867269e-07  2.33701352e+00 
 2.37984691e-07  2.67552968e+00 
 2.41110593e-07  2.87776402e+00 
 2.44286530e-07  2.94447240e+00 
 2.46648039e-07  2.99301080e+00 
 2.48806989e-07  3.06823676e+00 
 2.51064564e-07  3.13424717e+00 
 2.53815907e-07  3.18971023e+00 
 2.56700076e-07  3.22144070e+00 
 2.60288315e-07  3.23937601e+00 
 2.63287751e-07  3.27725238e+00 
 2.65737592e-07  3.34989289e+00 
 2.67670556e-07  3.45270283e+00 
 2.69741160e-07  3.55842572e+00 
 2.71899721e-07  3.58195149e+00 
 2.74462650e-07  3.44898655e+00 
 2.77619616e-07  3.09149603e+00 
 2.80849174e-07  2.34100221e+00 
 2.83959861e-07  1.55999798e+00 
 2.86994141e-07  9.40651754e-01 
 2.89988471e-07  3.60022413e-01 
 2.93026956e-07  3.20650913e-02 
 2.95949837e-07  3.27736515e-02 
 2.98641505e-07  6.78409505e-02 
 3.01484364e-07  9.29317491e-02 
 3.04317508e-07  1.05470634e-01 
 3.07015179e-07  8.98890082e-02 
 3.09426629e-07  5.54015299e-02 
 3.12171012e-07  3.95975036e-02 
 3.14582179e-07  4.49865742e-02 
 3.17039365e-07  3.45922001e-02 
 3.19662676e-07  6.13734242e-03 
 3.22886601e-07 -3.31796091e-02 
 3.27173067e-07 -1.05396374e-01 
 3.31236368e-07  3.33917515e-02 
 3.33593926e-07  3.53707017e-01 
 3.36566641e-07  9.79423078e-01 
 3.38665063e-07  1.41470580e+00 
 3.41038508e-07  1.79103687e+00 
 3.43905391e-07  2.10028110e+00 
 3.46300691e-07  2.38603605e+00 
 3.48811530e-07  2.65008993e+00 
 3.51312962e-07  2.84297499e+00 
 3.53934223e-07  2.91809698e+00 
 3.55998346e-07  2.95176822e+00 
 3.58319607e-07  3.01228122e+00 
 3.60365229e-07  3.08463610e+00 
 3.62569043e-07  3.14451695e+00 
 3.65465591e-07  3.19793734e+00 
 3.69803304e-07  3.23393666e+00 
 3.74025712e-07  3.26723446e+00 
 3.76427716e-07  3.32831180e+00 
 3.79809493e-07  3.49915739e+00 
 3.82602398e-07  3.58420573e+00 
 3.85445925e-07  3.47170530e+00 
 3.88425840e-07  3.16409635e+00 
 3.90682858e-07  2.68213622e+00 
 3.93278225e-07  2.03755252e+00 
 3.95895171e-07  1.40814551e+00 
 3.98536590e-07  8.82955811e-01 
 4.00847284e-07  4.21706925e-01 
 4.03110918e-07  1.01733374e-01 
 4.05253894e-07  2.52269910e-02 
 4.07642352e-07  4.23751544e-02 
 4.10326465e-07  7.12041463e-02 
 4.13598397e-07  1.01870438e-01 
 4.17034148e-07  1.00490752e-01 
 4.20760304e-07  5.71316199e-02 
 4.24475844e-07  3.78099741e-02 
 4.27815464e-07  3.85161056e-02 
 4.30953271e-07  8.25404878e-03 
 4.34210344e-07 -3.37673733e-02 
 4.36719676e-07 -8.87135202e-02 
 4.39098314e-07 -1.08904018e-01 
 4.41961800e-07 -5.76919678e-04 
 4.44383759e-07  2.82615162e-01 
 4.47028491e-07  8.25213696e-01 
 4.49189805e-07  1.28643920e+00 
 4.51459246e-07  1.68559242e+00 
 4.54389900e-07  2.03489910e+00 
 4.57028236e-07  2.32609695e+00 
 4.60229177e-07  2.67353807e+00 
 4.63267675e-07  2.87463606e+00 
 4.65973847e-07  2.93549109e+00 
 4.67992010e-07  2.96678950e+00 
 4.70130768e-07  3.03525597e+00 
 4.72293610e-07  3.10706762e+00 
 4.74759633e-07  3.16640815e+00 
 4.78433335e-07  3.21834628e+00 
 4.81697552e-07  3.23525990e+00 
 4.84767845e-07  3.26273193e+00 
 4.87000526e-07  3.31346881e+00 
 4.89960015e-07  3.44943051e+00 
 4.92362387e-07  3.56550454e+00 
 4.94863748e-07  3.56386993e+00 
 4.97393055e-07  3.39451350e+00 
 5.01074368e-07  2.81858059e+00 
 5.05066239e-07  1.84742919e+00 
 5.08823635e-07  1.02995095e+00 
 5.11235794e-07  5.53672668e-01 
 5.14087290e-07  1.16945107e-01 
 5.16192192e-07  2.74801883e-02 
 5.18495696e-07  3.91040489e-02 
 5.21348163e-07  7.17498697e-02 
 5.24940232e-07  1.02769593e-01 
 5.28453755e-07  9.88842781e-02 
 5.32287005e-07  5.15318928e-02 
 5.34590828e-07  3.90941237e-02 
 5.37059986e-07  4.46376526e-02 
 5.39904961e-07  2.88952703e-02 
 5.42556239e-07 -3.32894093e-04 
 5.46558849e-07 -6.29166210e-02 
 5.50472148e-07 -1.06484869e-01 
 5.54129246e-07  1.17780961e-01 
 5.56899079e-07  6.10561553e-01 
 5.59954736e-07  1.24994829e+00 
 5.62706549e-07  1.73356670e+00 
 5.65527930e-07  2.05647640e+00 
 5.68178562e-07  2.35698471e+00 
 5.71132484e-07  2.67202444e+00 
 5.74358895e-07  2.88206814e+00 
 5.77588154e-07  2.94635743e+00 
 5.80057695e-07  3.00108130e+00 
 5.82228691e-07  3.07658064e+00 
 5.84519754e-07  3.14116253e+00 
 5.87459401e-07  3.19687102e+00 
 5.91252142e-07  3.22982966e+00 
 5.95056469e-07  3.25284927e+00 
 5.98022930e-07  3.31632656e+00 
 6.00702342e-07  3.44157762e+00 
 6.03713008e-07  3.57438600e+00 
 6.06022809e-07  3.55264013e+00 
 6.08724461e-07  3.35482803e+00 
 6.12141490e-07  2.78396957e+00 
 6.14392386e-07  2.22462212e+00 
 6.16596422e-07  1.68322851e+00 
 6.18903796e-07  1.17132276e+00 
 6.21086439e-07  7.53237839e-01 
 6.23573213e-07  2.72857698e-01 
 6.25864135e-07  5.15798368e-02 
 6.28094608e-07  2.42740436e-02 
 6.30801296e-07  6.02988666e-02 
 6.34430460e-07  9.12139196e-02 
 6.38569161e-07  1.05292098e-01 
 6.42475504e-07  5.91902190e-02 
 6.44975337e-07  4.01381596e-02 
 6.47928141e-07  4.40870339e-02 
 6.50177632e-07  3.43744737e-02 
 6.52812427e-07  5.11628743e-03 
 6.56227915e-07 -3.83366597e-02 
 6.58979923e-07 -9.85465354e-02 
 6.61542536e-07 -9.69255583e-02 
 6.64192060e-07  3.74463087e-02 
 6.66914081e-07  4.34328212e-01 
 6.69846852e-07  1.05460191e+00 
 6.72256219e-07  1.53437484e+00 
 6.74727493e-07  1.88457311e+00 
 6.78076119e-07  2.23637724e+00 
 6.80206595e-07  2.49979595e+00 
 6.82252378e-07  2.69394754e+00 
 6.84303093e-07  2.84428156e+00 
 6.86381800e-07  2.90511489e+00 
 6.88890488e-07  2.95050491e+00 
 6.91378769e-07  3.01676135e+00 
 6.93548846e-07  3.09287038e+00 
 6.95850448e-07  3.15269997e+00 
 6.98936109e-07  3.20531853e+00 
 7.03075370e-07  3.23517828e+00 
 7.06969535e-07  3.26796306e+00 
 7.09806229e-07  3.34849220e+00 
 7.12681876e-07  3.50178813e+00 
 7.15625244e-07  3.58356171e+00 
 7.18539596e-07  3.45315349e+00 
 7.21461609e-07  3.13790858e+00 
 7.24522848e-07  2.44877428e+00 
 7.27369581e-07  1.73065098e+00 
 7.30039132e-07  1.14612023e+00 
 7.32634179e-07  6.41906228e-01 
 7.35214438e-07  1.88092980e-01 
 7.37597231e-07  2.95111803e-02 
 7.39856967e-07  3.23865764e-02 
 7.42908246e-07  7.15383850e-02 
 7.46765120e-07  1.00971980e-01 
 7.50335528e-07  9.95140781e-02 
 7.54429518e-07  4.78495126e-02 
 7.56727578e-07  3.93634763e-02 
 7.59305229e-07  4.37077476e-02 
 7.61891752e-07  2.62157152e-02 
 7.65137203e-07 -8.48048310e-03 
 7.68369218e-07 -6.35756349e-02 
 7.71491888e-07 -1.13319941e-01 
 7.73815231e-07 -5.14462221e-02 
 7.76094719e-07  1.31517815e-01 
 7.78289493e-07  5.22762035e-01 
 7.80603871e-07  1.01797463e+00 
 7.83086191e-07  1.51606941e+00 
 7.85656006e-07  1.88394638e+00 
 7.88967030e-07  2.22954982e+00 
 7.91677400e-07  2.55560513e+00 
 7.93705491e-07  2.73823486e+00 
 7.95914993e-07  2.87166540e+00 
 7.97974831e-07  2.91984662e+00 
 8.00010202e-07  2.95343170e+00 
 8.01998411e-07  3.00590277e+00 
 8.04030642e-07  3.07841959e+00 
 8.06200073e-07  3.13898466e+00 
 8.08783786e-07  3.18981943e+00 
 8.12528203e-07  3.22738684e+00 
 8.16312199e-07  3.24759834e+00 
 8.19721267e-07  3.31504791e+00 
 8.23527796e-07  3.49333948e+00 
 8.27658082e-07  3.55806470e+00 
 8.30969356e-07  3.31567238e+00 
 8.34559182e-07  2.63802176e+00 
 8.38175587e-07  1.75347387e+00 
 8.41773908e-07  9.89261323e-01 
 8.44844256e-07  3.89974996e-01 
 8.47840296e-07  4.29031880e-02 
 8.50289438e-07  2.56217711e-02 
 8.52999909e-07  6.30906831e-02 
 8.56117472e-07  8.77606672e-02 
 8.59951165e-07  1.07489909e-01 
 8.64379315e-07  6.17277877e-02 
 8.68553007e-07  3.63637215e-02 
 8.72312785e-07  3.52377288e-02 
 8.76243093e-07 -6.44902816e-03 
 8.79789719e-07 -6.96841338e-02 
 8.83643500e-07 -1.03338792e-01 
 8.86586900e-07  4.76289750e-02 
 8.89503252e-07  5.07473741e-01 
 8.92487693e-07  1.13756792e+00 
 8.94918235e-07  1.60442207e+00 
 8.97652731e-07  1.96026795e+00 
 9.00922719e-07  2.31243438e+00 
 9.03549540e-07  2.61027281e+00 
 9.06004638e-07  2.81249836e+00 
 9.08790570e-07  2.91127448e+00 
 9.10989585e-07  2.94766022e+00 
 9.13531875e-07  3.01362645e+00 
 9.15569876e-07  3.08565485e+00 
 9.17795256e-07  3.14590861e+00 
 9.20908860e-07  3.20175415e+00 
 9.25195144e-07  3.23490379e+00 
 9.29408725e-07  3.27077225e+00 
 9.33585942e-07  3.42615535e+00 
 9.36835119e-07  3.57115593e+00 
 9.39406010e-07  3.53581246e+00 
 9.42183432e-07  3.31293856e+00 
 9.45983618e-07  2.58740039e+00 
 9.49584217e-07  1.69310500e+00 
 9.52980404e-07  9.86617009e-01 
 9.55509244e-07  4.83142831e-01 
 9.58344113e-07  8.69338113e-02 
 9.60547238e-07  2.34584193e-02 
 9.62917292e-07  4.68786145e-02 
 9.65813906e-07  7.47813153e-02 
 9.69542508e-07  1.07260200e-01 
 9.73051829e-07  9.28739686e-02 
 9.76420737e-07  4.85583555e-02 
 9.79717963e-07  3.95462392e-02 
 9.82391958e-07  4.02461272e-02 
 9.85295724e-07  1.38670760e-02 
 9.88255295e-07 -1.78918104e-02 
 9.90712109e-07 -6.72005954e-02 
 9.93074996e-07 -1.10323889e-01 
 9.95303363e-07 -8.46992040e-02 
 9.97521016e-07  4.30969346e-02 
 1.00022588e-06  4.46117627e-01 
 1.00316187e-06  1.06856210e+00 
 1.00589465e-06  1.59729512e+00 
 1.00850488e-06  1.94415941e+00 
 1.01204370e-06  2.32491061e+00 
 1.01429515e-06  2.58431013e+00 
 1.01644992e-06  2.77151348e+00 
 1.01958900e-06  2.90888228e+00 
 1.02191956e-06  2.94658604e+00 
 1.02474031e-06  3.02099827e+00 
 1.02687348e-06  3.09489533e+00 
 1.02918710e-06  3.15476814e+00 
 1.03251991e-06  3.20937781e+00 
 1.03552197e-06  3.23031004e+00 
 1.03924943e-06  3.25318182e+00 
 1.04318874e-06  3.36169805e+00 
 1.04593028e-06  3.50639006e+00 
 1.04885764e-06  3.58200256e+00 
 1.05182071e-06  3.43776355e+00 
 1.05541540e-06  2.98086797e+00 
 1.05811875e-06  2.32898223e+00 
 1.06060261e-06  1.70004439e+00 
 1.06346106e-06  1.08418038e+00 
 1.06608584e-06  5.71394624e-01 
 1.06871754e-06  1.42938134e-01 
 1.07084412e-06  3.07637518e-02 
 1.07312129e-06  3.47681399e-02 
 1.07627419e-06  7.31603682e-02 
 1.08066392e-06  1.05108658e-01 
 1.08521242e-06  8.17025870e-02 
 1.08756386e-06  4.86445128e-02 
 1.08961721e-06  4.01191914e-02 
 1.09184407e-06  4.54101294e-02 
 1.09387123e-06  3.75515193e-02 
 1.09679205e-06  7.85879247e-03 
 1.09966364e-06 -2.32161385e-02 
 1.10242936e-06 -8.29038418e-02 
 1.10503816e-06 -1.09711475e-01 
 1.10829467e-06  2.06851989e-02 
 1.11085372e-06  3.59481104e-01 
 1.11366833e-06  9.51104990e-01 
 1.11576728e-06  1.38940846e+00 
 1.11810352e-06  1.76887735e+00 
 1.12109560e-06  2.09618370e+00 
 1.12360232e-06  2.39340420e+00 
 1.12624234e-06  2.66768400e+00 
 1.12877101e-06  2.85321858e+00 
 1.13113787e-06  2.91719980e+00 
 1.13348180e-06  2.95590123e+00 
 1.13591097e-06  3.02466156e+00 
 1.13842515e-06  3.10925587e+00 
 1.14069982e-06  3.16421102e+00 
 1.14366606e-06  3.21000379e+00 
 1.14654907e-06  3.22995433e+00 
 1.14951433e-06  3.24487369e+00 
 1.15292017e-06  3.30899124e+00 
 1.15590227e-06  3.43986385e+00 
 1.15908461e-06  3.57475994e+00 
 1.16137638e-06  3.54542810e+00 
 1.16414585e-06  3.33165672e+00 
 1.16743185e-06  2.76318416e+00 
 1.17099462e-06  1.88891994e+00 
 1.17426506e-06  1.15534955e+00 
 1.17679094e-06  6.62612609e-01 
 1.17945343e-06  1.94536007e-01 
 1.18187651e-06  2.84249219e-02 
 1.18418266e-06  3.31485011e-02 
 1.18732757e-06  7.24901569e-02 
 1.19138062e-06  1.02938637e-01 
 1.19531005e-06  9.34682337e-02 
 1.19772933e-06  5.66552029e-02 
 1.20072312e-06  3.92393553e-02 
 1.20363768e-06  4.42631251e-02 
 1.20640336e-06  2.58979149e-02 
 1.20921387e-06 -5.32889149e-03 
 1.21278339e-06 -6.28536721e-02 
 1.21594431e-06 -1.12614912e-01 
 1.21890440e-06 -1.47552230e-02 
 1.22145561e-06  2.73793779e-01 
 1.22405580e-06  8.04973026e-01 
 1.22636192e-06  1.29602713e+00 
 1.22861088e-06  1.68943193e+00 
 1.23175315e-06  2.05977435e+00 
 1.23566871e-06  2.49756547e+00 
 1.23936338e-06  2.82982624e+00 
 1.24198553e-06  2.91184198e+00 
 1.24420502e-06  2.95029753e+00 
 1.24701844e-06  3.02403701e+00 
 1.24913956e-06  3.09779233e+00 
 1.25143171e-06  3.15590704e+00 
 1.25432098e-06  3.20457274e+00 
 1.25720413e-06  3.22799379e+00 
 1.26036172e-06  3.24241941e+00 
 1.26419613e-06  3.31321928e+00 
 1.26691229e-06  3.43433784e+00 
 1.26977058e-06  3.56861307e+00 
 1.27185610e-06  3.56945110e+00 
 1.27449729e-06  3.40473010e+00 
 1.27760930e-06  3.00196254e+00 
 1.28156625e-06  2.05460921e+00 
 1.28516201e-06  1.21177964e+00 
 1.28757709e-06  7.44804066e-01 
 1.29002100e-06  2.76795419e-01 
 1.29254136e-06  3.87041258e-02 
 1.29510715e-06  2.81387253e-02 
 1.29795400e-06  6.72376551e-02 
 1.30191747e-06  9.85775344e-02 
 1.30595192e-06  9.90748110e-02 
 1.30922757e-06  5.37449923e-02 
 1.31212685e-06  3.93229998e-02 
 1.31523146e-06  4.32982316e-02 
 1.31824722e-06  1.89026802e-02 
 1.32124824e-06 -1.43126097e-02 
 1.32414528e-06 -6.79786641e-02 
 1.32698279e-06 -1.13224065e-01 
 1.33014964e-06 -1.05955389e-02 
 1.33309341e-06  3.55622168e-01 
 1.33597145e-06  9.57468595e-01 
 1.33850095e-06  1.47699098e+00 
 1.34097840e-06  1.84349083e+00 
 1.34451553e-06  2.22248376e+00 
 1.34777766e-06  2.59818098e+00 
 1.35081296e-06  2.84284461e+00 
 1.35310962e-06  2.91118109e+00 
 1.35531078e-06  2.94903852e+00 
 1.35793108e-06  3.01515484e+00 
 1.35995294e-06  3.08640735e+00 
 1.36219913e-06  3.14688766e+00 
 1.36508003e-06  3.19898976e+00 
 1.36759978e-06  3.22378456e+00 
 1.37070697e-06  3.23683000e+00 
 1.37368377e-06  3.27307158e+00 
 1.37618657e-06  3.34150555e+00 
 1.37887743e-06  3.48168992e+00 
 1.38133978e-06  3.58090930e+00 
 1.38418358e-06  3.51856026e+00 
 1.38686561e-06  3.28394305e+00 
 1.39052186e-06  2.56185366e+00 
 1.39446240e-06  1.58364895e+00 
 1.39781747e-06  9.09994692e-01 
 1.40048342e-06  3.80490917e-01 
 1.40349697e-06  4.06632831e-02 
 1.40592612e-06  2.59122808e-02 
 1.40866560e-06  6.38289192e-02 
 1.41192968e-06  8.99521479e-02 
 1.41520539e-06  1.06644920e-01 
 1.41827666e-06  8.17807467e-02 
 1.42051649e-06  5.17461721e-02 
 1.42236941e-06  4.08938152e-02 
 1.42442535e-06  4.47109967e-02 
 1.42655620e-06  4.22879337e-02 
 1.42877021e-06  2.22576881e-02 
 1.43164647e-06 -8.58898025e-03 
 1.43447642e-06 -5.35504407e-02 
 1.43758916e-06 -1.10801318e-01 
 1.44065196e-06 -4.06574170e-02 
 1.44331021e-06  2.23088724e-01 
 1.44590388e-06  7.39132880e-01 
 1.44849494e-06  1.28726347e+00 
 1.45104600e-06  1.72771283e+00 
 1.45394802e-06  2.06120635e+00 
 1.45674477e-06  2.37840394e+00 
 1.46091303e-06  2.79163153e+00 
 1.46421210e-06  2.91694303e+00 
 1.46675249e-06  2.95775532e+00 
 1.46953543e-06  3.03712077e+00 
 1.47173600e-06  3.11095625e+00 
 1.47420992e-06  3.16886568e+00 
 1.47742609e-06  3.21548661e+00 
 1.47948450e-06  3.22800908e+00 
 1.48150223e-06  3.23507683e+00 
 1.48348784e-06  3.25461491e+00 
 1.48618518e-06  3.31016117e+00 
 1.48901968e-06  3.43434374e+00 
 1.49196462e-06  3.56960639e+00 
 1.49435826e-06  3.55713790e+00 
 1.49694855e-06  3.37402860e+00 
 1.50058912e-06  2.77340392e+00 
 1.50338580e-06  2.08890634e+00 
 1.50606744e-06  1.43897973e+00 
 1.50872668e-06  9.05381948e-01 
 1.51149049e-06  3.66185632e-01 
 1.51399833e-06  6.32784797e-02 
 1.51648546e-06  2.27675339e-02 
 1.51911705e-06  5.82838875e-02 
 1.52238888e-06  8.60328368e-02 
 1.52474241e-06  1.05663081e-01 
 1.52698262e-06  1.01344297e-01 
 1.52970680e-06  7.30539078e-02 
 1.53253394e-06  4.30751241e-02 
 1.53514403e-06  4.26916479e-02 
 1.53726110e-06  4.26930379e-02 
 1.53953596e-06  2.34750750e-02 
 1.54231370e-06 -6.30126898e-03 
 1.54608499e-06 -6.86505770e-02 
 1.54992550e-06 -1.02952456e-01 
 1.55353891e-06  1.36966174e-01 
 1.55765996e-06  9.02201239e-01 
 1.56171408e-06  1.67087069e+00 
 1.56578964e-06  2.14790590e+00 
 1.56824893e-06  2.44047437e+00 
 1.57077538e-06  2.69244222e+00 
 1.57368040e-06  2.88066978e+00 
 1.57696615e-06  2.94574047e+00 
 1.57941325e-06  2.99985298e+00 
 1.58159961e-06  3.07544673e+00 
 1.58389723e-06  3.14086603e+00 
 1.58656587e-06  3.19211476e+00 
 1.58989285e-06  3.22582738e+00 
 1.59241247e-06  3.23522945e+00 
 1.59472984e-06  3.25911551e+00 
 1.59730389e-06  3.31630738e+00 
 1.60004649e-06  3.44139585e+00 
 1.60271779e-06  3.56857624e+00 
 1.60484053e-06  3.57149698e+00 
 1.60751838e-06  3.40699443e+00 
 1.61072130e-06  2.98331103e+00 
 1.61384826e-06  2.22314866e+00 
 1.61682440e-06  1.48754091e+00 
 1.61936462e-06  9.68598695e-01 
 1.62232839e-06  3.93629579e-01 
 1.62545568e-06  3.51462032e-02 
 1.62801832e-06  2.84069476e-02 
 1.63072614e-06  6.43946906e-02 
 1.63429854e-06  9.51820537e-02 
 1.63862310e-06  1.01768548e-01 
 1.64275693e-06  4.99463632e-02 
 1.64634723e-06  3.90038311e-02 
 1.64924080e-06  3.71698480e-02 
 1.65235091e-06  5.70573440e-03 
 1.65560007e-06 -3.66133378e-02 
 1.65825573e-06 -9.47358819e-02 
 1.66070894e-06 -1.03523081e-01 
 1.66322503e-06  3.55055026e-03 
 1.66563633e-06  2.92210781e-01 
 1.66837794e-06  8.56595361e-01 
 1.67136979e-06  1.47115442e+00 
 1.67430600e-06  1.89624973e+00 
 1.67750759e-06  2.23447194e+00 
 1.68054709e-06  2.58708362e+00 
 1.68341895e-06  2.82705010e+00 
 1.68660355e-06  2.92516903e+00 
 1.68967142e-06  2.97997539e+00 
 1.69261240e-06  3.07664373e+00 
 1.69581490e-06  3.16438611e+00 
 1.69894235e-06  3.21164298e+00 
 1.70103659e-06  3.22722382e+00 
 1.70303209e-06  3.23261953e+00 
 1.70500872e-06  3.24914496e+00 
 1.70810523e-06  3.30876329e+00 
 1.71093815e-06  3.43118173e+00 
 1.71372566e-06  3.56574113e+00 
 1.71599433e-06  3.56864807e+00 
 1.71854222e-06  3.40928107e+00 
 1.72193922e-06  2.94049719e+00 
 1.72512856e-06  2.16421056e+00 
 1.72809002e-06  1.43868280e+00 
 1.73027005e-06  9.94123847e-01 
 1.73334146e-06  4.00119342e-01 
 1.73612200e-06  5.64470564e-02 
 1.73876082e-06  2.41127495e-02 
 1.74130556e-06  5.95546578e-02 
 1.74525449e-06  9.46211417e-02 
 1.75006901e-06  9.97522217e-02 
 1.75400604e-06  4.74753966e-02 
 1.75827028e-06  3.89593959e-02 
 1.76145131e-06  2.84853385e-02 
 1.76456793e-06 -6.26659580e-03 
 1.76786774e-06 -6.07203009e-02 
 1.77112298e-06 -1.12763569e-01 
 1.77343463e-06 -5.26668642e-02 
 1.77576691e-06  1.37222707e-01 
 1.77831403e-06  6.04046996e-01 
 1.78100684e-06  1.17648181e+00 
 1.78390270e-06  1.69956835e+00 
 1.78667355e-06  2.03037598e+00 
 1.79029301e-06  2.43275661e+00 
 1.79354468e-06  2.75695013e+00 
 1.79663299e-06  2.90134455e+00 
 1.79982926e-06  2.95804564e+00 
 1.80278470e-06  3.04427338e+00 
 1.80523902e-06  3.12410639e+00 
 1.80780822e-06  3.17901875e+00 
 1.81179598e-06  3.22580828e+00 
 1.81634414e-06  3.25111874e+00 
 1.81968332e-06  3.32284386e+00 
 1.82256861e-06  3.46410686e+00 
 1.82551742e-06  3.58022172e+00 
 1.82796711e-06  3.52844091e+00 
 1.83095447e-06  3.27391720e+00 
 1.83496763e-06  2.45920523e+00 
 1.83887418e-06  1.48701656e+00 
 1.84241678e-06  7.96265624e-01 
 1.84600197e-06  1.79691237e-01 
 1.84888133e-06  1.54466234e-02 
 1.85198435e-06  5.39318913e-02 
 1.85528518e-06  8.40562506e-02 
 1.85810445e-06  1.05763953e-01 
 1.86066519e-06  1.00077470e-01 
 1.86346939e-06  6.33988256e-02 
 1.86614983e-06  4.09002051e-02 
 1.86896250e-06  4.38015400e-02 
 1.87108450e-06  3.92492325e-02 
 1.87349855e-06  1.48403120e-02 
 1.87671810e-06 -1.88513897e-02 
 1.87921615e-06 -6.95882473e-02 
 1.88159750e-06 -1.11068134e-01 
 1.88384766e-06 -7.88526973e-02 
 1.88646896e-06  9.86623297e-02 
 1.88903836e-06  5.36781056e-01 
 1.89150116e-06  1.05995495e+00 
 1.89387937e-06  1.53607732e+00 
 1.89670029e-06  1.92202123e+00 
 1.90055204e-06  2.34327621e+00 
 1.90493102e-06  2.78396699e+00 
 1.90883443e-06  2.92794071e+00 
 1.91177549e-06  2.97799001e+00 
 1.91475491e-06  3.07610997e+00 
 1.91767743e-06  3.15802321e+00 
 1.92088445e-06  3.20909475e+00 
 1.92320817e-06  3.22714271e+00 
 1.92530846e-06  3.23320289e+00 
 1.92732471e-06  3.25139005e+00 
 1.93050002e-06  3.31686836e+00 
 1.93311532e-06  3.43493487e+00 
 1.93591635e-06  3.56713214e+00 
 1.93828729e-06  3.56328689e+00 
 1.94082036e-06  3.39356053e+00 
 1.94438367e-06  2.85041011e+00 
 1.94677870e-06  2.26075928e+00 
 1.94902935e-06  1.70341655e+00 
 1.95204722e-06  1.05242273e+00 
 1.95477083e-06  5.19718952e-01 
 1.95742102e-06  1.14656078e-01 
 1.95951611e-06  2.80128859e-02 
 1.96185879e-06  3.92621249e-02 
 1.96498592e-06  7.45520688e-02 
 1.96743334e-06  9.76679436e-02 
 1.97003968e-06  1.05177037e-01 
 1.97249307e-06  9.10524073e-02 
 1.97569309e-06  4.91039089e-02 
 1.97873156e-06  3.97168860e-02 
 1.98141170e-06  4.21910724e-02 
 1.98423862e-06  1.84348822e-02 
 1.98712823e-06 -1.27874846e-02 
 1.99061430e-06 -7.68205877e-02 
 1.99405491e-06 -1.03687568e-01 
 1.99689469e-06  4.29162486e-02 
 1.99967061e-06  4.62297814e-01 
 2.00266260e-06  1.09557460e+00 
 2.00626431e-06  1.74128533e+00 
 2.00961546e-06  2.12246860e+00 
 2.01301245e-06  2.50884050e+00 
 2.01634859e-06  2.81550828e+00 
 2.01934046e-06  2.91671816e+00 
 2.02214955e-06  2.96396291e+00 
 2.02465229e-06  3.03792237e+00 
 2.02722413e-06  3.12159052e+00 
 2.02967120e-06  3.17566803e+00 
 2.03334068e-06  3.22217793e+00 
 2.03551112e-06  3.23120716e+00 
 2.03770102e-06  3.24473383e+00 
 2.03988815e-06  3.27772097e+00 
 2.04245594e-06  3.35295603e+00 
 2.04476381e-06  3.47569213e+00 
 2.04708143e-06  3.57717505e+00 
 2.04958287e-06  3.54943792e+00 
 2.05262570e-06  3.31273310e+00 
 2.05684105e-06  2.48299929e+00 
 2.06079039e-06  1.50208620e+00 
 2.06403099e-06  8.65240928e-01 
 2.06686016e-06  3.15008192e-01 
 2.06994430e-06  2.26184661e-02 
 2.07277508e-06  3.64930468e-02 
 2.07577147e-06  7.26768242e-02 
 2.07812962e-06  9.35654211e-02 
 2.08054187e-06  1.06070947e-01 
 2.08285476e-06  9.69962009e-02 
 2.08560242e-06  6.10187745e-02 
 2.08867718e-06  3.89030653e-02 
 2.09147981e-06  4.43621125e-02 
 2.09407680e-06  3.10210924e-02 
 2.09671146e-06  1.99219345e-03 
 2.10037546e-06 -5.09121124e-02 
 2.10383299e-06 -1.10740188e-01 
 2.10697741e-06 -2.20153016e-02 
 2.10931975e-06  2.21040162e-01 
 2.11202048e-06  7.59376850e-01 
 2.11573844e-06  1.51118686e+00 
 2.11909259e-06  1.97279106e+00 
 2.12225673e-06  2.31374465e+00 
 2.12504168e-06  2.62274621e+00 
 2.12760461e-06  2.82997686e+00 
 2.12993071e-06  2.90575485e+00 
 2.13300204e-06  2.96068225e+00 
 2.13596766e-06  3.05086797e+00 
 2.13843391e-06  3.12953382e+00 
 2.14114102e-06  3.18513454e+00 
 2.14509796e-06  3.22721010e+00 
 2.14877358e-06  3.24573279e+00 
 2.15125150e-06  3.28601109e+00 
 2.15411477e-06  3.39009790e+00 
 2.15660856e-06  3.52505786e+00 
 2.15881832e-06  3.58694363e+00 
 2.16113962e-06  3.51187105e+00 
 2.16497256e-06  3.13138795e+00 
 2.16941517e-06  2.12471941e+00 
 2.17354103e-06  1.15328280e+00 
 2.17576317e-06  7.30191088e-01 
 2.17883497e-06  1.90487491e-01 
 2.18137835e-06  2.42386181e-02 
 2.18386176e-06  3.67946251e-02 
 2.18686713e-06  7.24988549e-02 
 2.18948082e-06  9.61539408e-02 
 2.19165265e-06  1.05245877e-01 
 2.19369700e-06  9.86971512e-02 
 2.19621921e-06  6.74725982e-02 
 2.19871461e-06  4.30135509e-02 
 2.20135098e-06  4.27873337e-02 
 2.20348925e-06  4.25349478e-02 
 2.20581221e-06  2.30658958e-02 
 2.20859745e-06 -6.91599569e-03 
 2.21149130e-06 -5.15659459e-02 
 2.21471706e-06 -1.10620131e-01 
 2.21805180e-06 -2.39516500e-02 
 2.22043842e-06  2.22320117e-01 
 2.22320156e-06  7.73137946e-01 
 2.22613627e-06  1.38834527e+00 
 2.22890430e-06  1.82101773e+00 
 2.23238650e-06  2.19574842e+00 
 2.23609758e-06  2.61703793e+00 
 2.23956022e-06  2.87483215e+00 
 2.24180016e-06  2.92555632e+00 
 2.24475323e-06  2.97723411e+00 
 2.24743732e-06  3.06332022e+00 
 2.25025263e-06  3.14642684e+00 
 2.25318513e-06  3.19927378e+00 
 2.25583877e-06  3.22516401e+00 
 2.25896586e-06  3.23748706e+00 
 2.26141128e-06  3.26491095e+00 
 2.26389241e-06  3.32313947e+00 
 2.26649591e-06  3.44648752e+00 
 2.26925633e-06  3.57260460e+00 
 2.27169175e-06  3.55526955e+00 
 2.27434146e-06  3.36407293e+00 
 2.27777032e-06  2.80523819e+00 
 2.28089484e-06  2.03716628e+00 
 2.28385262e-06  1.33628817e+00 
 2.28647379e-06  8.21283948e-01 
 2.28910333e-06  3.12766278e-01 
 2.29254881e-06  6.35690837e-03 
 2.29566793e-06  4.81436371e-02 
 2.29862949e-06  7.52813066e-02 
 2.30093997e-06  9.99252111e-02 
 2.30314953e-06  1.05313637e-01 
 2.30528078e-06  9.56811327e-02 
 2.30770509e-06  6.20355265e-02 
 2.31060794e-06  3.97934697e-02 
 2.31345046e-06  4.40194210e-02 
 2.31581560e-06  3.54865530e-02 
 2.31833201e-06  8.23910836e-03 
 2.32166865e-06 -3.12431218e-02 
 2.32376108e-06 -7.94336683e-02 
 2.32579216e-06 -1.09645045e-01 
 2.32778739e-06 -8.55673082e-02 
 2.33035324e-06  7.07680428e-02 
 2.33290276e-06  4.73457957e-01 
 2.33670467e-06  1.26575124e+00 
 2.34079036e-06  1.90665102e+00 
 2.34503774e-06  2.37832813e+00 
 2.34978819e-06  2.82319487e+00 
 2.35275733e-06  2.92094307e+00 
 2.35556466e-06  2.96570049e+00 
 2.35815596e-06  3.04786275e+00 
 2.36066055e-06  3.12701351e+00 
 2.36338439e-06  3.18455797e+00 
 2.36747121e-06  3.22752604e+00 
 2.37069680e-06  3.24284966e+00 
 2.37362831e-06  3.28727470e+00 
 2.37580461e-06  3.35755324e+00 
 2.37785663e-06  3.46855898e+00 
 2.37983262e-06  3.56597790e+00 
 2.38183699e-06  3.58153359e+00 
 2.38481506e-06  3.41539300e+00 
 2.38843736e-06  2.88601106e+00 
 2.39265489e-06  1.86125327e+00 
 2.39665520e-06  9.94836149e-01 
 2.39944042e-06  4.42189389e-01 
 2.40219315e-06  7.78783842e-02 
 2.40439563e-06  2.27090596e-02 
 2.40689076e-06  5.03346559e-02 
 2.41013512e-06  7.90291862e-02 
 2.41334407e-06  1.08350625e-01 
 2.41631743e-06  9.67844565e-02 
 2.41936480e-06  5.61042987e-02 
 2.42284380e-06  3.81017139e-02 
 2.42609769e-06  4.12092331e-02 
 2.42921291e-06  1.26875792e-02 
 2.43246118e-06 -2.41091857e-02 
 2.43581541e-06 -9.24986459e-02 
 2.43853800e-06 -1.01285911e-01 
 2.44126688e-06  3.90016399e-02 
 2.44424150e-06  4.90048524e-01 
 2.44728876e-06  1.13267525e+00 
 2.45097562e-06  1.77934162e+00 
 2.45465181e-06  2.18051569e+00 
 2.45765456e-06  2.53453222e+00 
 2.46047610e-06  2.79168959e+00 
 2.46332354e-06  2.90789942e+00 
 2.46599964e-06  2.95348126e+00 
 2.46887550e-06  3.02985083e+00 
 2.47108846e-06  3.10507617e+00 
 2.47346054e-06  3.16290267e+00 
 2.47682737e-06  3.21424393e+00 
 2.48091777e-06  3.23853969e+00 
 2.48470602e-06  3.27781501e+00 
 2.48705920e-06  3.34769284e+00 
 2.48994095e-06  3.50107908e+00 
 2.49268073e-06  3.58579659e+00 
 2.49515096e-06  3.49984244e+00 
 2.49842830e-06  3.18022207e+00 
 2.50283168e-06  2.21147249e+00 
 2.50712250e-06  1.18993619e+00 
 2.50942072e-06  7.54212597e-01 
 2.51187558e-06  2.79717832e-01 
 2.51447572e-06  3.66650856e-02 
 2.51698123e-06  2.77475317e-02 
 2.51972589e-06  6.53576503e-02 
 2.52305616e-06  9.32257496e-02 
 2.52732374e-06  1.03610077e-01 
 2.53086097e-06  5.79944484e-02 
 2.53436826e-06  3.83101226e-02 
 2.53762074e-06  4.09964429e-02 
 2.54087459e-06  1.24582649e-02 
 2.54392681e-06 -2.34642394e-02 
 2.54761521e-06 -9.47593135e-02 
 2.55114835e-06 -7.27299813e-02 
 2.55355438e-06  1.01775200e-01 
 2.55645641e-06  6.16430131e-01 
 2.55964660e-06  1.28554792e+00 
 2.56279808e-06  1.80861692e+00 
 2.56590645e-06  2.14112648e+00 
 2.56829716e-06  2.42940249e+00 
 2.57065218e-06  2.67155264e+00 
 2.57297344e-06  2.84497651e+00 
 2.57524941e-06  2.91219446e+00 
 2.57796052e-06  2.95847475e+00 
 2.58054475e-06  3.03294413e+00 
 2.58280550e-06  3.10902208e+00 
 2.58530542e-06  3.16830119e+00 
 2.58842929e-06  3.21404987e+00 
 2.59041955e-06  3.22724978e+00 
 2.59251034e-06  3.23420280e+00 
 2.59452657e-06  3.25331759e+00 
 2.59780644e-06  3.32527779e+00 
 2.60029831e-06  3.44327474e+00 
 2.60305982e-06  3.57125619e+00 
 2.60546954e-06  3.55723803e+00 
 2.60809012e-06  3.37340151e+00 
 2.61141223e-06  2.85961835e+00 
 2.61461335e-06  2.07449612e+00 
 2.61759031e-06  1.36134072e+00 
 2.61975692e-06  9.28506725e-01 
 2.62266890e-06  3.64920279e-01 
 2.62508210e-06  6.82270183e-02 
 2.62753551e-06  2.22825661e-02 
 2.63014478e-06  5.61131789e-02 
 2.63392682e-06  9.04424871e-02 
 2.63680463e-06  1.05535662e-01 
 2.63950889e-06  9.24193186e-02 
 2.64200752e-06  5.68753205e-02 
 2.64476534e-06  4.00396220e-02 
 2.64787948e-06  4.44316072e-02 
 2.65045058e-06  2.81070520e-02 
 2.65325592e-06 -3.12128819e-03 
 2.65699669e-06 -6.25380960e-02 
 2.66096038e-06 -1.07175590e-01 
 2.66497107e-06  1.77125083e-01 
 2.66809718e-06  7.71513138e-01 
 2.67122604e-06  1.41612422e+00 
 2.67464684e-06  1.91911170e+00 
 2.67804209e-06  2.28554963e+00 
 2.68008346e-06  2.52427936e+00 
 2.68219939e-06  2.72475092e+00 
 2.68420296e-06  2.85536576e+00 
 2.68623898e-06  2.91094578e+00 
 2.68858949e-06  2.95152393e+00 
 2.69133259e-06  3.02841211e+00 
 2.69353006e-06  3.10370652e+00 
 2.69591587e-06  3.16218213e+00 
 2.69912542e-06  3.21189126e+00 
 2.70150783e-06  3.22801338e+00 
 2.70377195e-06  3.23640804e+00 
 2.70596829e-06  3.26167608e+00 
 2.70865080e-06  3.32420582e+00 
 2.71104137e-06  3.43692892e+00 
 2.71370452e-06  3.56622429e+00 
 2.71629417e-06  3.55923364e+00 
 2.71871771e-06  3.39481757e+00 
 2.72205933e-06  2.91461286e+00 
 2.72447047e-06  2.31752026e+00 
 2.72669460e-06  1.76823359e+00 
 2.72904393e-06  1.23216351e+00 
 2.73195849e-06  6.67025493e-01 
 2.73463550e-06  1.93309172e-01 
 2.73710022e-06  2.76809493e-02 
 2.73952015e-06  3.54164609e-02 
 2.74261184e-06  7.33069457e-02 
 2.74557182e-06  9.82037581e-02 
 2.74896567e-06  1.03612721e-01 
 2.75270702e-06  6.11335596e-02 
 2.75623514e-06  3.77819226e-02 
 2.75956334e-06  4.13157785e-02 
 2.76242692e-06  1.68334225e-02 
 2.76563328e-06 -1.89356631e-02 
 2.76890929e-06 -8.26208842e-02 
 2.77211714e-06 -1.04366894e-01 
 2.77536454e-06  9.22773039e-02 
 2.77757667e-06  4.45601600e-01 
 2.78017524e-06  9.95984999e-01 
 2.78258286e-06  1.48744260e+00 
 2.78491155e-06  1.83340415e+00 
 2.78842139e-06  2.20594184e+00 
 2.79128918e-06  2.54843236e+00 
 2.79407753e-06  2.79537363e+00 
 2.79665009e-06  2.90116804e+00 
 2.79924186e-06  2.94738896e+00 
 2.80208191e-06  3.01962299e+00 
 2.80422818e-06  3.09401009e+00 
 2.80657315e-06  3.15487758e+00 
 2.80954131e-06  3.20467197e+00 
 2.81270334e-06  3.22964754e+00 
 2.81614450e-06  3.24788242e+00 
 2.81972443e-06  3.32488156e+00 
 2.82330140e-06  3.49615591e+00 
 2.82709685e-06  3.56705590e+00 
 2.83094902e-06  3.28998754e+00 
 2.83480898e-06  2.52006812e+00 
 2.83901677e-06  1.48768545e+00 
 2.84204814e-06  8.86640527e-01 
 2.84502582e-06  3.17211986e-01 
 2.84781321e-06  3.38748842e-02 
 2.85043136e-06  2.95497401e-02 
 2.85339546e-06  6.92148222e-02 
 2.85721028e-06  9.90030957e-02 
 2.86098136e-06  1.00319145e-01 
 2.86442398e-06  5.44565353e-02 
 2.86779002e-06  3.87451622e-02 
 2.87161243e-06  3.83380679e-02 
 2.87517386e-06  1.27933282e-03 
 2.87856348e-06 -5.06523922e-02 
 2.88131444e-06 -1.04667656e-01 
 2.88387709e-06 -8.54144994e-02 
 2.88629529e-06  6.27896766e-02 
 2.88883049e-06  4.54868513e-01 
 2.89153350e-06  1.02891866e+00 
 2.89476089e-06  1.64515454e+00 
 2.89789965e-06  2.03154103e+00 
 2.90068219e-06  2.33733032e+00 
 2.90295689e-06  2.59411167e+00 
 2.90504657e-06  2.77668422e+00 
 2.90771012e-06  2.89820564e+00 
 2.91020837e-06  2.94374340e+00 
 2.91278519e-06  3.00301885e+00 
 2.91497024e-06  3.07926276e+00 
 2.91725518e-06  3.14330036e+00 
 2.92004450e-06  3.19519370e+00 
 2.92472524e-06  3.23555497e+00 
 2.92928583e-06  3.27554992e+00 
 2.93260573e-06  3.39417887e+00 
 2.93604910e-06  3.56030759e+00 
 2.93864776e-06  3.55614339e+00 
 2.94155739e-06  3.34188648e+00 
 2.94560817e-06  2.58844834e+00 
 2.94991570e-06  1.53212954e+00 
 2.95324426e-06  8.73034373e-01 
 2.95595097e-06  3.41269491e-01 
 2.95890248e-06  3.30282863e-02 
 2.96137857e-06  2.82877176e-02 
 2.96431422e-06  6.82466995e-02 
 2.96783574e-06  9.54817272e-02 
 2.97156163e-06  1.03748949e-01 
 2.97453444e-06  6.61242435e-02 
 2.97744603e-06  4.06925995e-02 
 2.98031208e-06  4.40874926e-02 
 2.98247207e-06  3.78598461e-02 
 2.98495483e-06  1.22824279e-02 
 2.98786930e-06 -1.81648093e-02 
 2.99057249e-06 -7.33414758e-02 
 2.99284118e-06 -1.09951811e-01 
 2.99515035e-06 -7.53488503e-02 
 2.99808085e-06  1.51564018e-01 
 3.00051073e-06  5.99626076e-01 
 3.00288721e-06  1.10618670e+00 
 3.00561823e-06  1.62546485e+00 
 3.00863478e-06  2.00511387e+00 
 3.01175180e-06  2.34507926e+00 
 3.01420277e-06  2.61844648e+00 
 3.01641645e-06  2.80244497e+00 
 3.01962714e-06  2.91868505e+00 
 3.02217368e-06  2.95869533e+00 
 3.02495388e-06  3.04360660e+00 
 3.02742115e-06  3.12323487e+00 
 3.03001227e-06  3.17959235e+00 
 3.03370274e-06  3.22311012e+00 
 3.03608884e-06  3.23296090e+00 
 3.03864584e-06  3.25453396e+00 
 3.04175284e-06  3.32411963e+00 
 3.04434724e-06  3.44622958e+00 
 3.04702632e-06  3.57036323e+00 
 3.04955222e-06  3.55365716e+00 
 3.05211917e-06  3.36850729e+00 
 3.05579840e-06  2.74643412e+00 
 3.05864438e-06  2.04818182e+00 
 3.06124231e-06  1.42350362e+00 
 3.06363952e-06  9.39775099e-01 
 3.06643920e-06  3.93418128e-01 
 3.06905813e-06  6.50487709e-02 
 3.07149427e-06  2.26626379e-02 
 3.07406233e-06  5.64999163e-02 
 3.07744468e-06  8.53433857e-02 
 3.08082761e-06  1.07975621e-01 
 3.08297123e-06  9.72182913e-02 
 3.08549390e-06  6.23336038e-02 
 3.08821624e-06  4.05694641e-02 
 3.09087542e-06  4.42595204e-02 
 3.09312872e-06  3.87609928e-02 
 3.09550612e-06  1.43315312e-02 
 3.09872269e-06 -1.96800222e-02 
 3.10141424e-06 -7.50768372e-02 
 3.10406640e-06 -1.11639447e-01 
 3.10650638e-06 -4.81623145e-02 
 3.11011238e-06  3.72033108e-01 
 3.11352816e-06  1.08063591e+00 
 3.11716028e-06  1.73565313e+00 
 3.12068783e-06  2.13593509e+00 
 3.12347051e-06  2.46040607e+00 
 3.12622923e-06  2.73355224e+00 
 3.12921899e-06  2.89542551e+00 
 3.13264762e-06  2.95697643e+00 
 3.13561832e-06  3.03939992e+00 
 3.13798926e-06  3.11737999e+00 
 3.14052706e-06  3.17441419e+00 
 3.14408275e-06  3.22086573e+00 
 3.14730237e-06  3.23603539e+00 
 3.15021184e-06  3.26490480e+00 
 3.15402085e-06  3.38507447e+00 
 3.15674459e-06  3.52918518e+00 
 3.15925871e-06  3.58069853e+00 
 3.16188646e-06  3.45910734e+00 
 3.16502795e-06  3.11702642e+00 
 3.16873121e-06  2.27173802e+00 
 3.17251635e-06  1.34479708e+00 
 3.17590064e-06  6.89065108e-01 
 3.17858265e-06  2.08772187e-01 
 3.18136484e-06  1.81395682e-02 
 3.18395124e-06  4.15964238e-02 
 3.18696739e-06  7.40865815e-02 
 3.18957532e-06  9.93651016e-02 
 3.19200248e-06  1.04740221e-01 
 3.19446953e-06  9.05132335e-02 
 3.19695128e-06  5.52307731e-02 
 3.19960606e-06  3.96494383e-02 
 3.20213247e-06  4.49101616e-02 
 3.20461922e-06  3.41544320e-02 
 3.20719798e-06  6.23260490e-03 
 3.21045283e-06 -3.37388628e-02 
 3.21310878e-06 -9.28354334e-02 
 3.21559618e-06 -1.04376117e-01 
 3.21893449e-06  6.35011922e-02 
 3.22228615e-06  6.14465728e-01 
 3.22537247e-06  1.26204029e+00 
 3.22855686e-06  1.79802971e+00 
 3.23168890e-06  2.13567635e+00 
 3.23408289e-06  2.42323512e+00 
 3.23634911e-06  2.65861305e+00 
 3.23892707e-06  2.85075241e+00 
 3.24205611e-06  2.93249566e+00 
 3.24447907e-06  2.97284404e+00 
 3.24702225e-06  3.05587067e+00 
 3.25006657e-06  3.14644524e+00 
 3.25300876e-06  3.19955673e+00 
 3.25731338e-06  3.23412561e+00 
 3.26138498e-06  3.26524369e+00 
 3.26563001e-06  3.41419126e+00 
 3.26894896e-06  3.56616996e+00 
 3.27147503e-06  3.54565726e+00 
 3.27426178e-06  3.33367093e+00 
 3.27806073e-06  2.63247836e+00 
 3.28155629e-06  1.77199950e+00 
 3.28489986e-06  1.05442742e+00 
 3.28848352e-06  3.63411326e-01 
 3.29143031e-06  4.04798768e-02 
 3.29424270e-06  2.94330995e-02 
 3.29695763e-06  6.74785741e-02 
 3.30060668e-06  9.72673216e-02 
 3.30419756e-06  1.02868922e-01 
 3.30707271e-06  6.71289903e-02 
 3.30989086e-06  4.15854360e-02 
 3.31251836e-06  4.36785368e-02 
 3.31472668e-06  4.04250006e-02 
 3.31703632e-06  1.78027176e-02 
 3.31986482e-06 -1.16637422e-02 
 3.32365492e-06 -8.01310027e-02 
 3.32769656e-06 -8.41520098e-02 
 3.33134288e-06  2.53042964e-01 
 3.33371370e-06  7.32519863e-01 
 3.33625665e-06  1.26775142e+00 
 3.33858027e-06  1.68329725e+00 
 3.34147147e-06  2.02818543e+00 
 3.34433709e-06  2.34730238e+00 
 3.34745600e-06  2.68029041e+00 
 3.34968246e-06  2.84319222e+00 
 3.35233584e-06  2.91926191e+00 
 3.35474193e-06  2.95845055e+00 
 3.35739834e-06  3.03838943e+00 
 3.35982681e-06  3.11817624e+00 
 3.36235227e-06  3.17494831e+00 
 3.36570361e-06  3.21891313e+00 
 3.36850646e-06  3.23275672e+00 
 3.37104451e-06  3.25134406e+00 
 3.37439492e-06  3.32343195e+00 
 3.37783116e-06  3.48702734e+00 
 3.38140871e-06  3.57469255e+00 
 3.38493126e-06  3.36570410e+00 
 3.38820851e-06  2.84526013e+00 
 3.39074308e-06  2.22418127e+00 
 3.39351089e-06  1.53644400e+00 
 3.39674575e-06  8.83868614e-01 
 3.39986620e-06  2.92748542e-01 
 3.40361509e-06 -4.65119496e-03 
 3.40673726e-06  5.64786798e-02 
 3.40997983e-06  8.18421020e-02 
 3.41409754e-06  1.08389400e-01 
 3.41795914e-06  7.33245414e-02 
 3.42043527e-06  4.36572677e-02 
 3.42328124e-06  4.17436485e-02 
 3.42549277e-06  4.15600892e-02 
 3.42784973e-06  2.08407782e-02 
 3.43074830e-06 -9.65118899e-03 
 3.43449696e-06 -7.45181819e-02 
 3.43818094e-06 -1.00853443e-01 
 3.44204567e-06  1.95775976e-01 
 3.44555778e-06  8.74878768e-01 
 3.44891358e-06  1.54232762e+00 
 3.45205450e-06  1.96809754e+00 
 3.45549390e-06  2.34288167e+00 
 3.45896938e-06  2.70817886e+00 
 3.46190179e-06  2.88360173e+00 
 3.46484359e-06  2.94225252e+00 
 3.46737975e-06  2.99744966e+00 
 3.46964843e-06  3.07633997e+00 
 3.47203200e-06  3.14359541e+00 
 3.47472856e-06  3.19417036e+00 
 3.47948175e-06  3.23534789e+00 
 3.48402643e-06  3.27609236e+00 
 3.48843746e-06  3.45070688e+00 
 3.49295092e-06  3.56644882e+00 
 3.49567872e-06  3.40079472e+00 
 3.49907825e-06  2.92516931e+00 
 3.50240338e-06  2.13206658e+00 
 3.50552600e-06  1.36320966e+00 
 3.50865139e-06  7.57727505e-01 
 3.51174817e-06  2.03988191e-01 
 3.51480574e-06  1.14417856e-02 
 3.51783031e-06  5.19499344e-02 
 3.52110535e-06  8.21984101e-02 
 3.52516487e-06  1.07831440e-01 
 3.52941545e-06  7.15278735e-02 
 3.53180820e-06  4.27968395e-02 
 3.53477899e-06  4.21591185e-02 
 3.53696083e-06  4.02940999e-02 
 3.53934647e-06  1.80195223e-02 
 3.54255152e-06 -1.52819272e-02 
 3.54595829e-06 -7.89072484e-02 
 3.54920537e-06 -1.05854974e-01 
 3.55266662e-06  1.00797477e-01 
 3.55616893e-06  7.18251302e-01 
 3.55955119e-06  1.41457732e+00 
 3.56244416e-06  1.85940673e+00 
 3.56568891e-06  2.19957951e+00 
 3.56989771e-06  2.67263208e+00 
 3.57382911e-06  2.90773324e+00 
 3.57763523e-06  2.97084899e+00 
 3.58173470e-06  3.09478705e+00 
 3.58438634e-06  3.16758353e+00 
 3.58757512e-06  3.21312271e+00 
 3.59042770e-06  3.23218788e+00 
 3.59370417e-06  3.24831883e+00 
 3.59730688e-06  3.32704063e+00 
 3.60080840e-06  3.49451903e+00 
 3.60431088e-06  3.57700241e+00 
 3.60767816e-06  3.36898039e+00 
 3.61116045e-06  2.80699772e+00 
 3.61550689e-06  1.75558315e+00 
 3.61887302e-06  1.02687196e+00 
 3.62125274e-06  5.62323495e-01 
 3.62418400e-06  1.09761447e-01 
 3.62682554e-06  1.92860082e-02 
 3.62942279e-06  5.08669289e-02 
 3.63291915e-06  8.44890832e-02 
 3.63791915e-06  1.07815265e-01 
 3.64124737e-06  6.51635555e-02 
 3.64362963e-06  4.14230300e-02 
 3.64661004e-06  4.32732751e-02 
 3.64874890e-06  3.93218719e-02 
 3.65113146e-06  1.67387806e-02 
 3.65406724e-06 -1.43744025e-02 
 3.65646861e-06 -5.69927253e-02 
 3.65902213e-06 -1.08544941e-01 
 3.66158642e-06 -8.10687476e-02 
 3.66468558e-06  1.54851808e-01 
 3.66779771e-06  7.38879562e-01 
 3.67078714e-06  1.36611289e+00 
 3.67410875e-06  1.87318217e+00 
 3.67816897e-06  2.32343096e+00 
 3.68176981e-06  2.69686526e+00 
 3.68520470e-06  2.90022657e+00 
 3.68841569e-06  2.95274037e+00 
 3.69118741e-06  3.02951799e+00 
 3.69343697e-06  3.10520009e+00 
 3.69590767e-06  3.16535467e+00 
 3.69950871e-06  3.21734763e+00 
 3.70310155e-06  3.23690326e+00 
 3.70649971e-06  3.26987889e+00 
 3.70995089e-06  3.38392268e+00 
 3.71309797e-06  3.54365250e+00 
 3.71567075e-06  3.57372089e+00 
 3.71820812e-06  3.42910769e+00 
 3.72211517e-06  2.86450359e+00 
 3.72577330e-06  1.97902090e+00 
 3.72931581e-06  1.16702888e+00 
 3.73157308e-06  7.30789933e-01 
 3.73441796e-06  2.16670446e-01 
 3.73747678e-06  1.09847144e-02 
 3.74048852e-06  5.00580682e-02 
 3.74342998e-06  7.62841019e-02 
 3.74761467e-06  1.08964810e-01 
 3.75160300e-06  7.92427418e-02 
 3.75381352e-06  4.87062853e-02 
 3.75645452e-06  3.97575561e-02 
 3.75898725e-06  4.37442362e-02 
 3.76151336e-06  2.63354081e-02 
 3.76417621e-06 -3.20697388e-03 
 3.76701489e-06 -4.23546195e-02 
 3.77058860e-06 -1.07638033e-01 
 3.77361295e-06 -4.91160238e-02 
 3.77663541e-06  2.63847635e-01 
 3.77973970e-06  8.91064561e-01 
 3.78264350e-06  1.48578996e+00 
 3.78531671e-06  1.87296563e+00 
 3.78931794e-06  2.31337414e+00 
 3.79380810e-06  2.77016543e+00 
 3.79807394e-06  2.93571239e+00 
 3.80075006e-06  2.97660862e+00 
 3.80373767e-06  3.07467788e+00 
 3.80661133e-06  3.15599867e+00 
 3.80944343e-06  3.20306424e+00 
 3.81444343e-06  3.24043514e+00 
 3.81903583e-06  3.29344564e+00 
 3.82282292e-06  3.45734268e+00 
 3.82695841e-06  3.57027780e+00 
 3.82966584e-06  3.42797181e+00 
 3.83301536e-06  3.01103635e+00 
 3.83533665e-06  2.44910562e+00 
 3.83748097e-06  1.91285313e+00 
 3.83990780e-06  1.33947287e+00 
 3.84212429e-06  9.01980526e-01 
 3.84468536e-06  3.95399269e-01 
 3.84784017e-06  3.65148931e-02 
 3.85086664e-06  3.16007528e-02 
 3.85393175e-06  7.12404585e-02 
 3.85838128e-06  1.05051961e-01 
 3.86248566e-06  8.66590595e-02 
 3.86546360e-06  4.66019253e-02 
 3.86838806e-06  4.05904321e-02 
 3.87112371e-06  4.08420038e-02 
 3.87364868e-06  1.78808177e-02 
 3.87671392e-06 -1.47610721e-02 
 3.88055559e-06 -8.53799781e-02 
 3.88407081e-06 -9.03584275e-02 
 3.88783872e-06  2.47194170e-01 
 3.89017745e-06  7.11714822e-01 
 3.89271019e-06  1.24754157e+00 
 3.89510295e-06  1.67662979e+00 
 3.89877703e-06  2.10624261e+00 
 3.90216477e-06  2.49062222e+00 
 3.90553729e-06  2.80593761e+00 
 3.90933311e-06  2.93229386e+00 
 3.91302478e-06  3.00598549e+00 
 3.91664244e-06  3.12110505e+00 
 3.92020789e-06  3.19816358e+00 
 3.92351216e-06  3.22645772e+00 
 3.92658603e-06  3.24046579e+00 
 3.92951723e-06  3.28026232e+00 
 3.93287505e-06  3.40086443e+00 
 3.93616718e-06  3.55914144e+00 
 3.93870597e-06  3.56059786e+00 
 3.94120169e-06  3.39519776e+00 
 3.94422891e-06  3.00175700e+00 
 3.94651579e-06  2.43860762e+00 
 3.94841312e-06  1.97055148e+00 
 3.95040029e-06  1.48172677e+00 
 3.95264405e-06  1.02095118e+00 
 3.95534876e-06  4.90994247e-01 
 3.95846962e-06  6.87651823e-02 
 3.96251402e-06  2.70924395e-02 
 3.96627281e-06  8.22247613e-02 
 3.97029816e-06  1.07272441e-01 
 3.97414083e-06  8.02677213e-02 
 3.97628785e-06  4.93193398e-02 
 3.97927933e-06  3.94473063e-02 
 3.98168059e-06  4.34486704e-02 
 3.98438884e-06  2.32701644e-02 
 3.98777852e-06 -1.22395571e-02 
 3.99101846e-06 -7.06496522e-02 
 3.99447748e-06 -1.09997294e-01 
 3.99846115e-06  1.43986427e-01 
 4.00070314e-06  5.41890251e-01 
 4.00327728e-06  1.08906554e+00 
 4.00642843e-06  1.67200408e+00 
 4.00930959e-06  2.02821423e+00 
 4.01284646e-06  2.41460330e+00 
 4.01646877e-06  2.77809776e+00 
 4.02022283e-06  2.92231367e+00 
 4.02406792e-06  2.99782807e+00 
 4.02795531e-06  3.12062166e+00 
 4.03116248e-06  3.19328894e+00 
 4.03461380e-06  3.22494385e+00 
 4.03706805e-06  3.23588105e+00 
 4.03938719e-06  3.25587549e+00 
 4.04276684e-06  3.33771667e+00 
 4.04515056e-06  3.45567194e+00 
 4.04754036e-06  3.56866256e+00 
 4.05001539e-06  3.56092033e+00 
 4.05263072e-06  3.38128978e+00 
 4.05593596e-06  2.88478182e+00 
 4.05878800e-06  2.18745245e+00 
 4.06087085e-06  1.66766975e+00 
 4.06317217e-06  1.16079297e+00 
 4.06541904e-06  7.29151008e-01 
 4.06798403e-06  2.45372305e-01 
 4.07165583e-06 -2.41470198e-03 
 4.07458472e-06  5.59740576e-02 
 4.07764992e-06  7.96929853e-02 
 4.08264992e-06  1.10300866e-01 
 4.08602997e-06  6.82665266e-02 
 4.08839388e-06  4.26800417e-02 
 4.09102164e-06  4.19615697e-02 
 4.09314981e-06  4.24733690e-02 
 4.09545532e-06  2.39854799e-02 
 4.09831378e-06 -6.57785688e-03 
 4.10154342e-06 -5.74097803e-02 
 4.10497301e-06 -1.12198428e-01 
 4.10814243e-06 -1.87723212e-03 
 4.11114359e-06  3.93803215e-01 
 4.11402343e-06  9.99725347e-01 
 4.11619454e-06  1.44810342e+00 
 4.11869642e-06  1.82754224e+00 
 4.12261421e-06  2.25329730e+00 
 4.12566733e-06  2.60134821e+00 
 4.12848819e-06  2.83121227e+00 
 4.13202656e-06  2.93280737e+00 
 4.13552958e-06  3.00716246e+00 
 4.13883915e-06  3.11501795e+00 
 4.14187736e-06  3.18428402e+00 
 4.14557749e-06  3.22473991e+00 
 4.14825378e-06  3.23566123e+00 
 4.15072468e-06  3.26063814e+00 
 4.15427725e-06  3.35944211e+00 
 4.15637514e-06  3.47196876e+00 
 4.15870058e-06  3.57393479e+00 
 4.16114007e-06  3.55359100e+00 
 4.16410577e-06  3.32990069e+00 
 4.16738051e-06  2.75772142e+00 
 4.16999157e-06  2.11459889e+00 
 4.17241442e-06  1.52082939e+00 
 4.17535538e-06  9.21695280e-01 
 4.17815077e-06  3.75471625e-01 
 4.18122118e-06  3.45381037e-02 
 4.18561192e-06  4.56713084e-02 
 4.18962476e-06  9.21995417e-02 
 4.19289465e-06  1.03425403e-01 
 4.19676966e-06  7.39601681e-02 
 4.19996361e-06  3.92730659e-02 
 4.20295905e-06  4.31018461e-02 
 4.20528269e-06  3.54513943e-02 
 4.20782948e-06  7.52506844e-03 
 4.21094936e-06 -2.75034973e-02 
 4.21486272e-06 -1.01249785e-01 
 4.21860761e-06 -3.68827955e-02 
 4.22151774e-06  2.84531764e-01 
 4.22398003e-06  7.93145578e-01 
 4.22609203e-06  1.24371226e+00 
 4.22833701e-06  1.65258306e+00 
 4.23181859e-06  2.06755800e+00 
 4.23535322e-06  2.46720917e+00 
 4.23890358e-06  2.80103217e+00 
 4.24294377e-06  2.93648502e+00 
 4.24699869e-06  3.02362759e+00 
 4.25012598e-06  3.12381726e+00 
 4.25359364e-06  3.19617216e+00 
 4.25703883e-06  3.22731467e+00 
 4.26005214e-06  3.24050635e+00 
 4.26283715e-06  3.27960550e+00 
 4.26643250e-06  3.41112923e+00 
 4.26941822e-06  3.55815042e+00 
 4.27176620e-06  3.56935268e+00 
 4.27429906e-06  3.41716266e+00 
 4.27711139e-06  3.08981244e+00 
 4.27909978e-06  2.62288211e+00 
 4.28100207e-06  2.15321564e+00 
 4.28282285e-06  1.70094666e+00 
 4.28579526e-06  1.06072601e+00 
 4.28821722e-06  5.86927349e-01 
 4.29080194e-06  1.55632723e-01 
 4.29445839e-06  3.40596419e-03 
 4.29799043e-06  7.29081072e-02 
 4.30132562e-06  9.50589770e-02 
 4.30572226e-06  1.00829601e-01 
 4.30970689e-06  4.85843416e-02 
 4.31364610e-06  3.87415833e-02 
 4.31664180e-06  3.38645117e-02 
 4.31966931e-06  1.22961027e-03 
 4.32297475e-06 -4.55254619e-02 
 4.32749876e-06 -1.06706556e-01 
 4.33111444e-06  7.59167983e-02 
 4.33382109e-06  5.20709543e-01 
 4.33682530e-06  1.15196083e+00 
 4.33937683e-06  1.63722830e+00 
 4.34235221e-06  2.00444437e+00 
 4.34640287e-06  2.45625183e+00 
 4.35042233e-06  2.82343041e+00 
 4.35340453e-06  2.91846250e+00 
 4.35626735e-06  2.96735737e+00 
 4.35936141e-06  3.06657461e+00 
 4.36212682e-06  3.14828333e+00 
 4.36521659e-06  3.20254497e+00 
 4.36899813e-06  3.23189345e+00 
 4.37281267e-06  3.25665041e+00 
 4.37698002e-06  3.38323634e+00 
 4.37987165e-06  3.53436924e+00 
 4.38236895e-06  3.57862778e+00 
 4.38497507e-06  3.44975469e+00 
 4.38812240e-06  3.09972822e+00 
 4.39102476e-06  2.42870849e+00 
 4.39399034e-06  1.68161918e+00 
 4.39748276e-06  9.54158649e-01 
 4.40091307e-06  3.04877979e-01 
 4.40479145e-06 -6.97295303e-03 
 4.40939041e-06  7.76556521e-02 
 4.41370090e-06  1.00849723e-01 
 4.41870090e-06  8.22755746e-02 
 4.42177602e-06  4.31774880e-02 
 4.42473652e-06  4.15309275e-02 
 4.42702978e-06  3.97915312e-02 
 4.42950377e-06  1.52256289e-02 
 4.43292768e-06 -1.97238893e-02 
 4.43652036e-06 -9.05874137e-02 
 4.44009461e-06 -8.24467143e-02 
 4.44230862e-06  5.49792328e-02 
 4.44545660e-06  5.71717233e-01 
 4.44893544e-06  1.30158739e+00 
 4.45216663e-06  1.82528758e+00 
 4.45546511e-06  2.18055840e+00 
 4.45913340e-06  2.59761921e+00 
 4.46289719e-06  2.88131138e+00 
 4.46638297e-06  2.94880650e+00 
 4.46921265e-06  3.01434775e+00 
 4.47160274e-06  3.09463841e+00 
 4.47416996e-06  3.16103122e+00 
 4.47704367e-06  3.20680265e+00 
 4.48012404e-06  3.23022969e+00 
 4.48336412e-06  3.24657329e+00 
 4.48714156e-06  3.32621849e+00 
 4.48985429e-06  3.45644632e+00 
 4.49291573e-06  3.57868059e+00 
 4.49549288e-06  3.52213288e+00 
 4.49832746e-06  3.27699077e+00 
 4.50246857e-06  2.43685542e+00 
 4.50690813e-06  1.35278059e+00 
 4.51190813e-06  4.07965888e-01 
 4.51582937e-06  4.72326982e-03 
 4.51941747e-06  5.93954849e-02 
 4.52320403e-06  9.04636227e-02 
 4.52723267e-06  1.03526107e-01 
 4.53087619e-06  6.76076338e-02 
 4.53326383e-06  4.15214158e-02 
 4.53620672e-06  4.34605219e-02 
 4.53831639e-06  3.96953590e-02 
 4.54067143e-06  1.69480175e-02 
 4.54394419e-06 -1.77254144e-02 
 4.54736950e-06 -8.32064509e-02 
 4.55058314e-06 -1.02033021e-01 
 4.55297914e-06  1.53374782e-02 
 4.55574205e-06  3.91281389e-01 
 4.55871167e-06  1.01853711e+00 
 4.56129065e-06  1.53215664e+00 
 4.56377666e-06  1.88638531e+00 
 4.56703099e-06  2.22471499e+00 
 4.57009742e-06  2.58804307e+00 
 4.57298988e-06  2.82488449e+00 
 4.57649025e-06  2.93271298e+00 
 4.57978810e-06  2.99578923e+00 
 4.58317573e-06  3.10707276e+00 
 4.58634859e-06  3.18247661e+00 
 4.58976132e-06  3.22207756e+00 
 4.59409699e-06  3.24559083e+00 
 4.59831412e-06  3.32548350e+00 
 4.60081442e-06  3.44680345e+00 
 4.60400676e-06  3.57771492e+00 
 4.60659799e-06  3.52226382e+00 
 4.60937385e-06  3.28494933e+00 
 4.61329904e-06  2.50140829e+00 
 4.61750383e-06  1.46141195e+00 
 4.62173604e-06  6.42364173e-01 
 4.62483948e-06  1.37793876e-01 
 4.62781128e-06  1.55720407e-02 
 4.63053743e-06  5.67878845e-02 
 4.63451551e-06  9.34843638e-02 
 4.63899170e-06  1.02458658e-01 
 4.64219798e-06  6.09816979e-02 
 4.64469361e-06  4.06074559e-02 
 4.64723601e-06  4.44980152e-02 
 4.64943000e-06  3.97139326e-02 
 4.65177133e-06  1.59186391e-02 
 4.65469278e-06 -1.44458599e-02 
 4.65969278e-06 -9.55727920e-02 
 4.66433755e-06  2.54770660e-02 
 4.66733420e-06  4.68020942e-01 
 4.67017621e-06  1.07994347e+00 
 4.67262582e-06  1.55813785e+00 
 4.67522565e-06  1.91854685e+00 
 4.67840594e-06  2.24781741e+00 
 4.68059954e-06  2.51995155e+00 
 4.68267996e-06  2.71074593e+00 
 4.68470823e-06  2.85299641e+00 
 4.68718576e-06  2.91776098e+00 
 4.68997328e-06  2.96800060e+00 
 4.69283718e-06  3.05959703e+00 
 4.69599907e-06  3.15295177e+00 
 4.69894926e-06  3.20261228e+00 
 4.70216973e-06  3.22954624e+00 
 4.70638615e-06  3.25414468e+00 
 4.71055510e-06  3.37848407e+00 
 4.71340722e-06  3.52820719e+00 
 4.71642293e-06  3.57187946e+00 
 4.71916379e-06  3.40674405e+00 
 4.72258203e-06  2.93286697e+00 
 4.72627129e-06  2.04568838e+00 
 4.72964225e-06  1.24719308e+00 
 4.73312954e-06  5.69177735e-01 
 4.73603708e-06  1.20145283e-01 
 4.73839063e-06  2.32941338e-02 
 4.74094177e-06  4.70025542e-02 
 4.74432062e-06  7.94252476e-02 
 4.74847445e-06  1.09500272e-01 
 4.75246183e-06  7.59706447e-02 
 4.75481688e-06  4.61505566e-02 
 4.75772195e-06  4.07993905e-02 
 4.75996956e-06  4.24290714e-02 
 4.76242827e-06  2.26019978e-02 
 4.76512781e-06 -6.28536095e-03 
 4.76962557e-06 -8.03668412e-02 
 4.77422475e-06 -6.01528770e-02 
 4.77815714e-06  4.18270960e-01 
 4.78131500e-06  1.09158897e+00 
 4.78375199e-06  1.56255249e+00 
 4.78647027e-06  1.93563168e+00 
 4.78967079e-06  2.26999361e+00 
 4.79229375e-06  2.58154987e+00 
 4.79474947e-06  2.78998860e+00 
 4.79737068e-06  2.90183946e+00 
 4.80095130e-06  2.96539121e+00 
 4.80386891e-06  3.05779211e+00 
 4.80652915e-06  3.13893250e+00 
 4.80962828e-06  3.19746286e+00 
 4.81359786e-06  3.23094692e+00 
 4.81851731e-06  3.27039663e+00 
 4.82223128e-06  3.39942673e+00 
 4.82546738e-06  3.56106877e+00 
 4.82791396e-06  3.56279054e+00 
 4.83050494e-06  3.39442317e+00 
 4.83372349e-06  2.94934872e+00 
 4.83569382e-06  2.45629040e+00 
 4.83772665e-06  1.95705219e+00 
 4.83964131e-06  1.48678084e+00 
 4.84219644e-06  9.66623743e-01 
 4.84473300e-06  4.66174077e-01 
 4.84803999e-06  4.91181930e-02 
 4.85136978e-06  2.99878158e-02 
 4.85455724e-06  7.31742023e-02 
 4.85823654e-06  1.03170022e-01 
 4.86198490e-06  9.60706446e-02 
 4.86440322e-06  6.03543632e-02 
 4.86726126e-06  3.94985023e-02 
 4.87033525e-06  4.41825319e-02 
 4.87273530e-06  3.21716777e-02 
 4.87535356e-06  3.30150602e-03 
 4.87854960e-06 -3.79075331e-02 
 4.88069629e-06 -8.83101138e-02 
 4.88296175e-06 -1.08852891e-01 
 4.88567770e-06 -2.47820595e-02 
 4.88803980e-06  2.12351161e-01 
 4.89054319e-06  7.05379007e-01 
 4.89289626e-06  1.20994750e+00 
 4.89525254e-06  1.64238005e+00 
 4.89887935e-06  2.08002279e+00 
 4.90193791e-06  2.42215217e+00 
 4.90558852e-06  2.78309824e+00 
 4.90948987e-06  2.92917597e+00 
 4.91311929e-06  2.99762969e+00 
 4.91728931e-06  3.12814271e+00 
 4.92075490e-06  3.20156578e+00 
 4.92436682e-06  3.22888002e+00 
 4.92909320e-06  3.26230445e+00 
 4.93372027e-06  3.41917926e+00 
 4.93701360e-06  3.56892275e+00 
 4.93960161e-06  3.53628648e+00 
 4.94244313e-06  3.30985592e+00 
 4.94573669e-06  2.70858738e+00 
 4.94906387e-06  1.89129670e+00 
 4.95142927e-06  1.33761433e+00 
 4.95408721e-06  8.17653529e-01 
 4.95652629e-06  3.35923191e-01 
 4.95912812e-06  5.00624350e-02 
 4.96273225e-06  3.12941777e-02 
 4.96599837e-06  7.65672874e-02 
 4.96966032e-06  1.04000475e-01 
 4.97333774e-06  9.44733791e-02 
 4.97704553e-06  4.44551327e-02 
 4.98031550e-06  4.01156859e-02 
 4.98293255e-06  3.82876505e-02 
 4.98575576e-06  1.12474137e-02 
 4.98880914e-06 -2.22703538e-02 
 4.99315224e-06 -9.98425056e-02 
 4.99723071e-06 -1.41159085e-02 
 5.00000000e-06  3.24037975e-01 
